colocating with libquantum
tonto
178876581	280283189704	0.435113
179115549	435783756240	1.083831
179335951	670404831702	0.596347
179020554	809885968569	0.553384
179173669	1046891123563	0.801107
178718584	1186557321577	0.455149
180834247	1422496660912	0.976530
180754249	1577242451805	0.399365
180832779	1798666476711	0.667813
180499712	1959566675665	0.698157
180504588	2172691337557	0.555027
180273268	2344235307987	0.419937
180448303	2546093187647	0.887115
180094556	2732257079161	0.497385
180711614	2919915895886	0.928576
---------------------------------------------------------
colocating with libquantum
tonto
178808611	266984268318	0.433307
178817254	430002239723	0.556325
178812220	663472857600	0.435873
178966439	803837229731	0.801769
179365601	1040609392031	0.682505
180798496	1177877778708	0.520530
180737400	1417837872349	0.461781
180936122	1567235466230	0.473211
179062439	1794429594694	0.400883
178939224	1949980048186	0.497353
179237181	2169044857725	0.473319
178843209	2332063251098	0.449769
179085702	2542613569775	0.521562
178931795	2722050050584	0.435675
179306738	2915575467025	0.517455
---------------------------------------------------------
colocating with libquantum
sphinx3
179135301	103824057590	0.517534
178963809	204681549331	0.521043
178618000	299658034646	0.512848
179037546	389404504310	0.570911
178968958	462988557228	0.597825
179064177	535778122543	0.577330
179030147	609870906270	0.568574
178968649	683629009217	0.575316
179122086	755436247237	0.580937
179176556	833481912203	0.488504
179255780	931610710394	0.508084
178968259	1028178016743	0.514302
179067154	1125317154726	0.504367
180459405	1206873317501	0.540098
180645491	1281978635210	0.553367
180553226	1359334257430	0.556711
179705886	1435612570435	0.559931
180055795	1607965464040	0.500392
180001170	1965071745063	0.509836
180496181	2152923774813	0.490129
179096212	2258107931223	0.493803
179034014	2348148205486	0.521256
179028520	2443045612095	0.511142
179183334	2537370182387	0.493614
179046919	2640227435976	0.493723
180688671	2742733058034	0.530298
180400140	2835626874417	0.519181
180346946	2930309802604	0.520711
180579819	3021009146489	0.502983
178729278	3121936767977	0.499790
180396931	3224006214158	0.511618
178769640	3323201974801	0.544022
180976098	3414533253255	0.490093
180646693	3511270527176	0.512214
180579441	3610833401540	0.498330
180670032	3715050214888	0.497746
179142748	3821085657987	0.515540
180254378	4156105351279	0.484593
---------------------------------------------------------
colocating with libquantum
sphinx3
178821508	113005128630	0.521056
178937089	211732031714	0.522027
179178880	307451404938	0.510235
179045960	393508819355	0.555225
179244639	466109566581	0.575637
178886824	538566627501	0.569669
179013374	612012529382	0.568149
179124390	685876319100	0.566311
180439173	756737682444	0.559378
179248217	833124336659	0.511036
179042857	929271876694	0.502571
179049846	1023456545242	0.504710
179118902	1120150004574	0.517614
179031696	1201953792200	0.561747
178461526	1277165749150	0.572804
178994364	1352682991256	0.518883
178900028	1429666352220	0.542489
180302410	1610801462906	0.488882
179717907	1967877571171	0.539698
180371660	2148941472899	0.496440
178951127	2253432896982	0.503980
178869884	2342703620500	0.517075
178993348	2437433667815	0.516298
179060304	2529947978037	0.514151
180393595	2630990212512	0.507567
180332794	2731403335726	0.490965
180751923	2824804386380	0.543912
179066344	2917399491034	0.520384
179086371	3009235125430	0.514699
179183886	3107728822553	0.496447
179112269	3208643714121	0.504318
178988006	3308864794747	0.514093
179247905	3399824810859	0.503388
180360200	3495700283028	0.526370
180284193	3591142438588	0.494037
180718041	3696034660546	0.501401
179123286	3802906104916	0.496692
180072270	4147532982720	0.491855
---------------------------------------------------------
colocating with libquantum
dealII
178407628	237872368998	0.479658
178996861	442677081470	0.407380
179082935	644364777411	2.032906
178896930	836883565159	0.511086
179058060	1022290285102	0.502708
178764397	1215661804600	0.493822
178829219	1416744522822	0.507784
179186241	1604180605734	1.316565
179127335	1813615283413	0.433124
179132855	1971388279415	0.432078
178790075	2176830190607	0.521814
---------------------------------------------------------
colocating with libquantum
dealII
180166350	237640276927	0.770905
180856558	440422038552	0.444620
180244462	643044230941	0.768652
180182029	836735408652	0.506048
180382832	1021668498234	0.503883
180217158	1215737973076	0.515638
180371362	1417635381151	0.523133
180812292	1605225177148	0.763592
180657470	1809849090690	0.426938
179398244	1968686207211	0.437407
180168593	2179765712995	0.501784
---------------------------------------------------------
colocating with libquantum
sjeng
180687309	141388963904	0.692953
178581324	272613621895	0.688710
180723355	400699489641	0.706617
180616173	525801122706	0.696000
180324546	654777971375	0.692527
180093034	781638647904	0.737124
180492145	909322939415	0.685115
180387880	1036391667632	0.687526
180213091	1162512618499	0.674038
180422544	1261409862512	0.768649
180494174	1371307972637	0.695424
178947826	1502103325896	0.703228
179055660	1634199658168	0.695629
178965359	1767032356682	0.691101
179146170	1900650184566	0.661537
179008824	2036109845406	0.670526
180617935	2183219825524	0.700245
179852621	2446071581722	0.682368
179638309	2712766305577	0.744638
---------------------------------------------------------
colocating with libquantum
sjeng
178911893	147667266848	0.687841
178738241	278294092953	0.710155
179151229	405812034598	0.686551
178906946	530179352040	0.707845
178940810	659368519913	0.678085
178572809	787200334014	0.686312
179037117	915046596972	0.680823
178940024	1039007667017	0.669474
178874316	1164653621448	0.664163
180654037	1262782662022	0.780189
180563123	1372447233676	0.688755
180858562	1503882893664	0.687078
180440615	1635061128163	0.691197
179734257	1766891566457	0.686283
180303758	1900841531031	0.670891
180573312	2034474949665	0.675705
179968371	2192234293594	0.685241
179989171	2457672044667	0.679823
179952156	2723628461028	0.782812
---------------------------------------------------------
colocating with libquantum
xalancbmk
179928932	40551181159	0.971222
180006707	79415240183	0.731027
180546218	121031946346	0.760798
180578858	161857417233	0.846541
179991853	201385214477	0.940947
180889063	239710064759	1.028180
178012104	276064416766	0.985345
178334483	312738866101	1.051925
179069531	349509651997	1.116757
180408362	385836278736	1.208422
178815922	422380784885	1.269497
179042720	458658808436	1.351520
179137021	493343071768	1.095893
179246618	564832214238	0.403831
179030370	664637032617	0.398878
179778205	780027235492	0.561398
180690381	876853938811	0.624086
180091434	1120348873918	0.544273
180263477	1435108481659	0.600132
180237197	1599668961856	0.589812
---------------------------------------------------------
colocating with libquantum
xalancbmk
179635545	46140388591	0.992037
176711968	88613727775	0.750397
180361067	129725550335	0.805405
180815172	169545770935	0.854493
180036544	208475644174	0.921835
180222762	245113145313	1.013679
180639194	281977444019	1.030841
180478037	318748642362	1.130676
180281366	355474601046	1.175432
180766062	391847822165	1.413400
180460329	428257053247	1.354540
180318957	464370043370	1.096270
180607059	509191703866	0.398945
180258549	607901654180	0.403678
180130234	720245651555	0.546766
180306758	818346759845	0.544424
180268143	924680355073	0.632236
180207043	1170305940703	0.546708
179944409	1485230465093	0.579443
---------------------------------------------------------
colocating with libquantum
soplex
179936032	59806458833	1.006634
180680519	110602007014	0.900377
180319609	161526345473	0.954163
180356965	212452718984	0.931162
178858701	262793993294	0.972139
179134799	309362322545	1.069490
180633052	356736355195	0.927588
179335910	405383801996	0.855703
180571826	453620457037	0.923454
180622392	501378459685	0.925986
180343610	548733273851	0.968347
180523285	594941344721	1.021299
180995208	641674726462	1.016731
180353699	688338668019	0.915449
180676576	735088936352	1.035908
---------------------------------------------------------
colocating with libquantum
soplex
180740389	52114313148	0.950566
180927127	102650948725	0.848412
180479195	153246656262	0.912272
180652978	204031806403	0.959091
180577760	254671858301	0.893999
180472799	302652317188	0.882631
179898086	348903924331	0.971972
180656596	397493361967	0.869858
180433754	446381547402	0.963814
123671083	494125198873	0.962853
179064932	540462542668	0.984881
179015663	587069819685	1.055518
179132854	633696820115	1.051740
179314332	680450123274	1.051435
179181058	727413454543	1.038268
179185326	775315900478	1.061572
---------------------------------------------------------
colocating with libquantum
omnetpp
178695000	47755488254	1.385350
179218650	86538282795	1.368663
179130606	125376739556	1.132981
179193745	164132069614	1.284509
179201867	202997384548	1.401390
179317483	242084303482	1.217886
179144471	280843427287	1.457477
179269821	319460035937	1.305279
179155134	358137619356	1.300064
179069565	396297508010	1.418126
178900252	434634609022	1.421212
178891070	472853304348	1.374678
179125965	511056752103	1.396071
178757902	549207804399	1.302913
179211722	587876550406	1.406944
179401037	626357840762	1.439909
179083941	664794626127	1.428849
179885668	763801033541	1.429084
179783143	903812815490	1.417371
179297078	972957639050	1.417701
178533327	1013147309882	1.339810
179020168	1050994784156	1.455048
180081460	1089479505325	1.302445
179281235	1127617077204	1.477762
180445862	1166531485320	1.374953
179265630	1205016841235	1.274903
179236465	1243626971295	1.253233
172560955	1282008019492	1.399600
179195365	1320210449908	1.279146
179093706	1358720453707	1.340268
179230547	1397192234902	1.329808
179275762	1435384573546	1.412700
178979884	1473576354425	1.528071
---------------------------------------------------------
colocating with libquantum
omnetpp
180251229	50755907070	1.348766
180391855	89547841146	1.373929
179200708	128098983081	1.362953
179014152	167145098751	1.342335
179217092	205629127789	1.411555
179124076	244244890421	1.324288
178912612	282899624882	1.386769
179019427	321464867618	1.302656
179159905	359829052880	1.374152
179053727	398085490607	1.435116
179059354	436291133508	1.427867
180904784	474511680216	1.337533
180629976	512763733448	1.441687
180498410	550988405972	1.309382
180136397	589267406818	1.385352
180608809	627767446404	1.306725
180336160	666349927899	1.407262
180267340	774564240516	1.360246
180118524	912649315855	1.378318
180731574	986123919238	1.224870
180331168	1026045068021	1.310423
180569335	1063813216029	1.283795
180544179	1101988906296	1.458547
180645291	1140234819799	1.324320
180581190	1178550625999	1.298631
180695297	1216972113276	1.366607
180552989	1254874288383	1.425971
180768668	1292388819409	1.411572
180852898	1330080687769	1.296902
180444610	1367856017660	1.294538
180351490	1405886202974	1.375707
180490623	1443822645444	1.233338
---------------------------------------------------------
colocating with libquantum
mcf
178774117	34888870117	1.079685
179251130	74495435535	1.524012
179357169	110134772308	1.473999
179047847	145044791638	2.027158
179343475	176773185499	2.003092
178908246	208480214966	1.996920
179306399	240026658329	2.091264
178890141	271482426249	2.007797
178986837	302491638421	2.095137
179106679	333771777550	2.050194
179324853	365795498536	2.117329
179022244	398556309450	2.016678
179027418	433949964353	1.225309
179024378	486186387871	0.827937
179109374	521118481893	2.007348
179279576	553098281496	2.126939
179250797	584729092774	2.070488
180093437	645820958405	2.043409
180304618	749734012290	1.983659
180353746	812030294556	1.998224
179175754	844726332622	2.015308
179063990	877233002391	2.104573
178972147	912251163590	2.066423
179204799	948228129026	1.619938
178872049	983630041104	1.883603
179036238	1016173341191	2.061761
178796346	1049028606781	3.892061
---------------------------------------------------------
colocating with libquantum
mcf
180447627	48598893466	1.575138
180590166	86035490026	1.677971
180649305	121590842435	2.108642
180450766	153180466140	2.023428
180628424	185044874833	2.029570
180137269	216847540004	1.998459
180230670	248210665322	1.942857
180361254	279665688080	2.052571
180301144	310828406974	1.907984
180270114	342637173879	2.061360
180655123	375127065256	2.024623
180190788	409407281694	1.882868
180786578	457320107948	0.985825
180355487	498027022274	2.021804
178977655	529950043992	2.001219
180362176	561979090628	2.142739
180352206	594264770979	2.066108
180335839	654250785373	2.224596
180029081	758435895213	1.893930
179327414	821910493769	2.053806
179349873	855087378997	2.170739
178948224	889330340816	2.045359
178969530	924646814176	2.162678
178853368	962377033143	1.855491
180703760	994189895512	1.973131
179100107	1029195329793	1.893204
---------------------------------------------------------
