colocating with povray
astar
2258895128	5326273403	    0.517874	 
191236716	204931570176	0.517874
191876766	448188335256	1.532664
992369815	553829709544	1.532664
---------------------------------------------------------
colocating with povray
tonto
191157127	413005480608	0.475565
191990553	826972617682	0.496399
191109249	1234188084665	0.482314
191698018	1645438695230	0.492433
191956011	2062244606831	0.959656
191518056	2460799285534	0.671839
191624368	2856163251291	0.821622
---------------------------------------------------------
colocating with povray
bzip2
1625539726	1792529996	    0.880326
191295980	300414753325	0.880326
1960353015	507647020247	0.880326
---------------------------------------------------------
colocating with povray
h264ref
---------------------------------------------------------
colocating with povray
xalancbmk
190910339	200486579950	0.412646
191921645	603392705137	0.606188
191786897	952323413593	0.635573
---------------------------------------------------------
colocating with povray
h264ref
---------------------------------------------------------
colocating with povray
xalancbmk
191303355	189075045376	1.467130
191651799	561129383395	0.666182
191730182	904541740005	0.613858
191844759	1250834182483	0.603775
---------------------------------------------------------
colocating with povray
mcf
191642533	1408190874	    2.317438
191642533	107597013091	2.317438
191779479	213514931877	1.444403
191747616	316370507464	2.518346
191761847	423766832386	2.239682
191432809	533457546532	2.361848
191432809	555276022120	2.361848
---------------------------------------------------------
colocating with povray
milc
191006045	198361055991	1.280500
191960654	375339652634	0.999785
189916223	567784773977	1.394522
191221482	746585706285	1.008278
191053414	963895733821	1.249764
191830692	1140632541123	1.146003
191036086	1351360516926	1.307723
191754832	1527111379827	1.114149
---------------------------------------------------------
colocating with povray
mcf
191944253	103385202319	2.256318
191655868	220322359002	2.268547
191673317	311162366666	2.483522
191894720	419910887164	2.259335
191319886	529549480730	2.404623
---------------------------------------------------------
colocating with povray
milc
191199437	191609648343	1.147933
191614077	375607064297	1.017053
191457165	561497963006	1.273679
191621420	747317342326	1.014855
191540834	955831207220	1.248795
191709008	1137084575781	1.010485
191849335	1341717282331	1.303552
191888410	1520515126466	1.010229
---------------------------------------------------------
colocating with povray
libquantum
190733392	416353347522	0.479395
191592576	827643025680	0.548710
191503032	1234318571266	0.524670
191524322	1655527087974	0.511742
191776549	2077719515750	0.549272
191512126	2498091215422	0.457797
---------------------------------------------------------
colocating with povray
lbm
191696699	255934761404	0.878002
colocating with povray
sphinx3
