colocating with povray
perlbench
10178562	2054251206	0.619253
8636001	4754905930	0.551235
10165565	7208748935	0.814689
10061074	9630198201	0.765813
10059584	11999298524	0.791440
0	13849458336	-nan
9960527	14213806273	1.415881
0	14551107973	-nan
4025104	14902669622	1.211654
10164763	17362774136	0.701903
10085397	19845200063	0.689535
10084599	22136473768	0.713298
10025771	24615542696	0.819879
10039734	27161110849	0.788405
9970527	29630161346	0.626543
10080169	32084708743	0.919027
9976260	34543679818	0.787163
4759919	37029500935	1.499399
10151454	39176389845	0.783339
9994653	41641754758	0.646357
10092847	44142622286	0.804973
9954180	46568703167	0.796245
9957294	49081071033	0.902066
10060595	51660958178	0.469592
10053374	54070846723	0.751024
10080826	56530500095	1.013078
10072298	58992121325	0.718449
9969223	61241668469	0.677715
10084456	63701677949	0.756187
10027994	66183309964	0.982225
10038794	68703930006	0.814125
10078209	71188745940	0.617117
10118145	73687745071	0.996564
10167178	76166992356	0.719946
10120705	78643157873	0.908521
10010895	81094375415	0.953427
10056622	83242214246	0.859495
10074242	85726942091	0.721129
9989446	88233436356	0.809078
9945106	90731900778	0.677776
10070396	93200483333	0.718604
9922502	95703688703	0.840117
9893389	98181466358	1.047151
10073506	100653591013	0.596643
9948015	103122788780	0.941866
9940544	105583914768	0.727360
9951348	108009115919	0.712705
10058915	110459064852	0.857368
10047685	112924778637	0.847986
10132671	115381118785	0.856728
10011872	117857479658	0.713005
9979046	120290469979	0.830783
9872208	122795290328	1.314860
9996833	125273961849	0.750258
10059667	127784589541	0.711937
10061431	130263952232	0.694497
10117654	132731393941	0.726090
0	135106103608	-nan
10016153	136988270913	0.601180
9987564	139460158899	0.828643
0	141565563203	-nan
10104959	144038155681	0.966766
9995003	146561428744	0.961787
10239051	149042514701	0.720993
9986771	151523049818	0.742696
10054910	153975557704	0.770737
9926602	156418531531	1.027550
10048564	158890612313	1.090565
10041039	161335698241	0.736557
9734075	163757936048	1.521809
---------------------------------------------------------
colocating with povray
astar
10035739	3784282192	0.399104
9964692	5719530606	1.444880
10060900	7328544709	1.131458
10009871	8623259264	0.893141
10056152	10262459573	1.423949
10117835	11731807981	2.225784
9928065	12771920683	1.938926
9830004	13801427528	1.742865
9888775	14841892249	1.804513
9976706	15900662643	1.245762
10001966	16952796620	2.010671
9973491	17985539030	2.174851
9872995	19032796775	1.828322
9291133	20094072209	1.589395
9712322	21141901228	1.476960
9812952	22187347363	1.239085
9862418	23230108250	1.915851
9907970	24284274482	1.153666
10230561	25332113248	2.169190
9992156	26368076747	2.144980
9910240	27413440998	2.144250
9995800	28469346890	1.827340
9955025	29528394028	1.301474
9926292	30572894642	1.733585
9903988	31618878097	1.915207
10016553	32678518926	1.933334
9954818	33730072614	2.137731
10080502	34765429367	2.083852
9962963	35810528532	1.991793
10033007	36855742317	2.205807
9951235	37904153443	1.154632
10082814	38942966510	2.086965
10084004	39992013241	2.128573
9988842	41051889986	1.111173
10039848	42108352953	1.809677
10084294	43154382105	2.236660
10033297	44200160164	2.199882
9957328	45249015825	2.287781
9950318	46295529635	2.036899
9783767	47342036798	1.765557
9943793	48384271426	2.136003
9924138	49445907136	1.736242
9765833	50495323190	1.089308
9971643	51547137177	1.587435
9943963	52591300558	1.867791
10006853	53645313078	1.940308
9831762	54697116043	1.104962
9926218	55750068461	1.210632
10012121	56788623967	2.116429
9991532	57849816113	2.010323
9977971	58898887922	1.815503
9928452	59941792762	1.984264
9797430	60980128404	1.706990
9769673	62015125320	1.539174
9934827	63023269566	3.185127
9758280	63868397673	1.720674
9864606	64710694597	1.332632
10130879	65562131997	2.038357
9942506	66398101321	1.971028
9948504	67239918981	2.962626
9933270	68081400185	3.209424
9863476	68933104811	1.775804
9935724	69786060328	2.213517
9760534	70623173737	1.812064
9980677	71469589715	3.205678
10069070	72311780648	2.923070
9993630	73162158898	2.287371
9772714	74016210974	1.882872
9874189	74870564494	1.148318
9798935	75717496242	2.092531
9692175	76575895409	2.822684
9900051	77424844495	1.443104
9967366	78261629517	3.272321
9850332	79113320597	1.172497
10088495	79956886390	2.044071
9802206	80800214406	2.804992
9777530	81641280433	1.953936
9906214	82493369401	2.278208
9968176	83344958185	3.216285
9993424	84192249510	3.089751
9942038	85037499016	1.555918
9779513	85867215967	1.990402
9950956	86712451855	2.401271
9792971	87560335921	1.985892
9960329	88405793835	3.073813
9945278	89244956597	3.203984
9937779	90094098649	2.397868
10076814	90958991331	2.491318
10080243	91791449644	3.784384
9861711	92633936929	2.409822
9775936	93466486977	2.247530
9950806	94305966127	3.397599
9735350	95157626462	1.799648
9914272	96008549459	2.575543
9963407	96850712443	1.734721
9921814	97683148234	2.001751
9925884	98516121485	2.594994
9993392	99360965843	3.099339
9868187	100208876719	1.874517
10004833	101066620525	2.745796
9892704	101903668575	1.955017
9892366	102766091764	1.305083
9785629	103597258405	2.162633
9946224	104435531273	3.365482
9926966	105287457885	2.110046
10134760	106133410247	3.757188
10030400	106994135027	1.487178
9702443	107841515763	1.135630
9909827	108687632063	1.259101
9940544	109533210101	2.817495
10064793	110369576174	2.854236
9840782	111230317108	2.524614
9932784	112079629937	2.740601
9761859	112920555911	2.031260
10171480	113766895449	2.724158
10103573	114711039161	0.482323
10092966	117414854115	0.790484
9990208	120121336698	0.602135
9987204	122781723355	0.732180
9945938	125473211349	0.819346
9814279	128102687349	0.575968
9954845	130716734293	0.704165
9848347	133430755872	0.740952
10078776	136143240744	0.635485
9965443	138829310672	0.550433
10114938	141707006522	0.457320
9978200	144304494774	0.724798
9989429	146983725687	0.570465
10003638	149690239811	0.753265
10242907	152407283836	0.701374
9967741	154997091781	0.552953
9944857	157829258011	0.500178
9797855	160446705048	0.742900
9908749	163174191302	0.591345
9924772	165939623455	0.836365
9704519	168605604970	1.540471
9935313	171356395642	0.514218
9955186	174166646759	0.638560
10002169	176717151185	1.000867
9755906	179422893120	1.389785
10025526	182163098179	0.701755
9962345	184878002321	0.726188
9970671	187649521754	0.572934
9987161	190463083682	0.704719
9963425	193045584267	0.582995
9965866	195822052031	0.754375
9965432	198442879195	0.615109
9974346	201150673789	0.566642
9966041	203947898993	0.615789
10007847	206627024184	0.703944
9779093	209345936320	0.962176
10053281	212117183204	0.597960
10071171	214758228017	0.728234
9872979	217582954640	1.483877
9791214	220449160170	1.181177
9668481	223103103468	1.510575
9893708	225867012136	1.204138
9820598	228614574556	1.444586
9975995	231256050815	0.683177
9921152	234055927374	0.659782
9848801	236876293699	0.891486
9740085	239608174408	1.408544
9860838	242378341236	0.940740
9969358	245004599401	1.293136
9881063	247675418356	1.015370
9732430	250068346777	1.367157
9866283	252326594146	0.818853
9685150	254655383636	1.297029
9784556	257024210955	1.484632
9781904	259348823253	1.131236
9650705	261658236512	1.445773
9798933	263950826688	1.227637
9759644	266236848378	1.053260
9944407	268536306229	0.919290
9912560	270880323801	1.025443
9951330	273152913491	0.924860
9998633	275423346180	0.755149
9899086	277714991668	0.878793
9984885	279976566103	0.827691
9997194	282293793270	0.818661
9973390	284584405032	0.611726
9974089	286939536224	0.776585
9958824	289214986982	0.812765
9941669	291485507226	0.960848
9941802	293733747581	0.864280
9835644	296059797557	1.098128
9782491	298331847381	1.394784
9976982	300601296404	0.824815
9927919	302933932365	1.354803
9963793	305224795002	0.946704
9910036	307570456324	1.375537
9973599	309893362512	0.949951
9887762	312175217268	1.219396
10044777	314511863631	0.822210
9656580	316761886205	1.353064
9960183	319088536836	0.778356
9893035	321375478889	1.192584
9718006	323666958523	1.414017
9820572	325940888160	1.100329
9782578	328233810739	1.487886
9966026	330577171872	0.815663
9754841	332862337053	1.379132
9860942	335200565915	0.955193
9692273	337521536606	1.259998
9692070	339815962169	1.507136
9786159	342130013149	1.255276
9664216	344410866938	1.457002
10109688	346663947599	0.809468
9921514	348936477344	0.689264
9935865	351202242327	0.897613
10071421	353478461442	0.690922
9819348	355776272341	1.030095
9887680	358042422024	1.406027
10027091	360392747586	0.803571
9808736	362756247787	1.462916
9773334	365055049471	1.278104
9977473	367356888405	0.795205
10002574	369700251699	0.944127
9904723	372028462370	1.491384
9959068	374333045417	1.132411
9630831	376698562574	1.448567
9799238	378964439961	1.350392
9972820	381242426324	0.842356
9755379	383562972540	1.486577
9765505	385928938206	1.213794
9672918	388216715547	1.449257
9781009	390473971703	1.099919
9901245	392717871137	1.062307
9831795	394264948680	1.431541
9883807	395803169763	1.762247
9959458	397213041473	1.290242
10037478	398668095692	1.225931
9994902	400021053921	2.263886
10105539	400965341155	2.536837
10064901	401892506015	2.670409
10019647	402852033555	2.635798
9989438	403787889970	2.551357
9978716	404732313598	1.979742
10005278	405693098320	2.536465
9969563	406622196505	2.599341
10011852	407587516491	1.693648
9999542	408510409414	2.245412
9971371	409435063027	2.919685
10032028	410361688839	2.594266
9754002	411287919255	1.513718
9955392	412194040721	2.491665
9647281	413124987536	1.522017
9775307	414051372704	1.267247
9891504	414979140403	2.150827
9913419	415906578263	1.200038
9785680	416842693417	2.035019
9861348	417754137374	2.187331
9265656	418680368017	1.548529
9730783	419615061586	1.481446
9765496	420542180226	1.258523
9862365	421465991691	1.135227
9847254	422395858811	1.662281
9984488	423337572993	2.462450
9804963	424264385401	2.125446
9974185	425221938175	2.618857
9968957	426172317680	2.484872
9956589	427105204536	2.526166
9983413	428041720747	2.585788
9970611	428977699065	2.225120
9912040	429885187035	2.751577
9947642	430750781114	2.843262
9997059	431633830346	2.762846
9863302	432496225937	1.169884
10047216	433364354145	1.490947
9810404	434226530385	1.897323
10093032	435094745628	2.771514
9985234	435953465526	2.848939
10248219	436850192160	2.586194
10225488	437723063763	2.014797
10181916	438590852428	2.034366
10263493	439468646987	2.681998
10429976	440325910158	2.671334
9683976	441180950052	2.459557
9688528	442067096898	1.588719
9669870	442948053833	1.703871
9452786	443827667188	1.681350
10186337	444705464418	2.028927
10237324	445591631663	2.578511
9594639	446475604105	1.366679
9648688	447348541244	2.266145
9589283	448231101450	2.712154
9145621	449106361927	2.156828
9652710	449979268926	2.598855
9657358	450855318238	2.413287
9655517	451735637046	2.742984
9628276	452612025231	1.981039
9534496	453470408621	2.143910
9677773	454335077740	3.038225
9414076	455207280483	1.697460
10219350	456077530260	2.179388
9613184	456943950268	2.984249
9567999	457799450716	2.219455
9616391	458656118826	2.244456
9658479	459514263905	2.583759
10255092	460384344382	2.681088
9437927	461254382710	1.824344
10235211	462127565755	2.931331
9509737	462974621781	2.494825
9597709	463827377415	2.092406
9657894	464687683853	2.772377
9652276	465539891540	2.396526
9652785	466400823685	2.757584
9502455	467264237035	2.035795
9572285	468116893174	2.485659
9506551	468964182699	2.211338
9570053	469815323024	2.479594
9647170	470667720471	3.125175
9397905	471525073069	1.610518
9693840	472381159244	3.292716
9966139	473240188854	2.780122
9941680	474092723233	2.685933
9936035	474952379654	2.836356
10103318	475815508290	2.625497
9966181	476670142019	1.181695
9784352	477519137002	1.969387
9947877	478371414800	2.321230
9752680	479237026077	2.045750
9684705	480089952427	1.584475
9870396	480957926766	1.792746
9839332	481806667682	2.221894
9836231	482677477356	2.202824
9870095	483527068154	3.034005
9815841	484398874783	2.486802
9789688	485251100984	2.062143
9882717	486110075752	2.520800
9964358	486973652259	2.026490
9982524	487846397527	1.201944
9806554	488694823776	2.092499
9994578	489549375591	2.657269
9804876	490410771716	2.027744
9930818	491265868880	2.282672
9956713	492119160688	2.833420
10023866	492983548219	2.700143
6338030	493836221609	1.818985
9975758	494685299919	2.750589
9828446	495549601207	2.183767
9941514	496395810637	2.828547
10019996	497253960962	3.249948
9729908	498119695634	1.726946
9945118	498977786132	2.710954
9879095	499851539488	2.851378
9949973	500718637630	2.730233
9759074	501569965497	2.027855
10051159	502428459420	2.335755
9876374	503291983773	1.944624
9945824	504158721944	1.178399
9948493	505001894500	2.115113
10058505	505856766424	2.673478
9842843	506714664876	1.253705
9996773	507569636976	2.518491
9757051	508419515375	2.469590
9784230	509265965133	1.904194
9854906	510128589055	2.434609
9873418	510995148295	2.604704
9950337	511845015474	2.768872
9852398	512701034373	1.474965
9886386	513549853044	1.192832
9905630	514409805621	1.305207
9722211	515256633251	2.171588
---------------------------------------------------------
